

|5|2|5|3|6|2|5|3|6|3|6|2|5|2|5|3|
|6|2|5|3|6|2|.
|2|6|2|5|3|6|.
|5|2|6|2|5|3|.
|5|2|6|2|5|3|.
|3|5|2|6|2|5|.
|3|5|2|6|2|5|.
|6|3|5|2|6|2|.
|2|6|3|5|2|6|.
|5|2|6|3|5|2|.
|2|5|2|6|3|5|.
|5|2|5|2|6|3|5|2|.
|5|2|5|2|6|3|.
|3|5|2|5|2|6|.
|3|5|2|5|2|6|.
|6|3|5|2|5|2|.
|6|3|5|2|5|2|.
|3|6|3|5|2|5|.
|1|5|3|6|3|5|.
|2|5|3|6|3|5|.
|5|2|5|3|6|.
|2|5|2|5|3|6|.
|5|2|5|2|5|3|.
|5|2|5|2|5|2|5|3|.
|2|5|2|5|2|5|.
|2|5|2|5|2|5|2|5|.
|5|2|5|2|5|2|5|2|.
|4|2|5|2|5|2|5|2|5|2|.
|2|5|2|5|2|5|2|5|.
|6|2|5|2|5|2|5|2|.
|2|6|2|5|2|5|2|5|.
|5|2|6|2|5|2|5|2|.
|5|2|6|2|5|2|5|2|.
|3|5|2|6|2|5|.
|1|5|3|5|2|6|2|5|.
|5|3|5|2|6|2|.
|2|5|3|5|2|6|.
|6|2|5|3|5|2|.
|2|6|2|5|3|5|.
|5|2|6|2|5|3|.
|5|2|6|2|5|3|.
|3|5|2|6|2|5|.
|3|5|2|6|2|5|.
|6|3|5|2|6|2|.
|6|3|5|2|.
|3|6|3|5|2|6|.
|3|6|3|5|.
|6|3|6|3|5|2|.
|6|3|6|3|.
|3|6|3|6|.
|5|3|6|3|.
|4|2|5|3|6|3|.
|2|5|3|6|.
|2|5|3|6|.
|6|2|5|3|.
|4|3|6|2|5|3|.
|3|6|2|5|.
|3|6|2|5|.
|6|3|6|2|.
|5|3|6|3|6|2|.